{
 "cells": [
  {
   "cell_type": "code",
   "execution_count": 4,
   "metadata": {
    "collapsed": false,
    "input_collapsed": true
   },
   "outputs": [],
   "source": [
    "import os, sys\n",
    "from datetime import datetime\n",
    "import numpy as np, pandas as pd\n",
    "from sklearn import cross_validation\n",
    "from sklearn.ensemble import RandomForestClassifier, GradientBoostingClassifier\n",
    "from sklearn.neighbors import KNeighborsClassifier\n",
    "from sklearn.metrics import auc, roc_auc_score\n",
    "\n",
    "sys.path.append('C:\\\\Users\\\\Pawel\\\\PycharmProjects\\\\Springleaf Marketing Response\\\\src')\n",
    "sys.path.append('C:\\\\Users\\\\Pawel\\\\PycharmProjects\\\\Springleaf Marketing Response\\\\src\\\\model_evaluation')\n",
    "import utilities"
   ]
  },
  {
   "cell_type": "code",
   "execution_count": 5,
   "metadata": {
    "collapsed": true,
    "input_collapsed": true
   },
   "outputs": [],
   "source": [
    "DATA_DIR = \"F:\\\\Pawel\\\\Kaggle\\\\Springleaf Marketing Response\\\\Data\"\n",
    "FEATURES_DATA_DIR = \"F:\\\\Pawel\\\\Kaggle\\\\Springleaf Marketing Response\\\\Data\\\\Train_Standard_Norm\"\n",
    "PREDICTIONS_DIR = \"F:\\\\Pawel\\\\Kaggle\\\\Springleaf Marketing Response\\\\Data\\\\Model Predictions\"\n",
    "\n",
    "RESULTS_DIR = \"F:\\\\Pawel\\\\Kaggle\\\\Springleaf Marketing Response\\\\Data\\\\Model Results\""
   ]
  },
  {
   "cell_type": "code",
   "execution_count": 6,
   "metadata": {
    "collapsed": false
   },
   "outputs": [],
   "source": [
    "X_train = pd.read_hdf(os.path.join(FEATURES_DATA_DIR, 'train_train_features.hf5'), 'data')\n",
    "X_validation = pd.read_hdf(os.path.join(FEATURES_DATA_DIR, 'train_validation_features.hf5'), 'data')\n",
    "Y_train = pd.read_hdf(os.path.join(DATA_DIR, 'train_train_y.hf5'), 'data')\n",
    "Y_validation = pd.read_hdf(os.path.join(DATA_DIR, 'train_validation_y.hf5'), 'data')"
   ]
  },
  {
   "cell_type": "code",
   "execution_count": 16,
   "metadata": {
    "code_folding": [],
    "collapsed": false
   },
   "outputs": [
    {
     "name": "stdout",
     "output_type": "stream",
     "text": [
      "Start Predictions\n",
      "0.636849688479\n"
     ]
    }
   ],
   "source": [
    "classifier = KNeighborsClassifier(n_neighbors=500)\n",
    "\n",
    "classifier.fit(X_train[::10], Y_train.iloc[:, 0][::10])\n",
    "#rf.fit(np.asarray(X_train, order='C'), Y_train.iloc[:, 0])\n",
    "print 'Start Predictions'\n",
    "predictions = classifier.predict_proba(X_validation)[:,1][::10]\n",
    "print roc_auc_score(Y_validation[::10], predictions)\n"
   ]
  },
  {
   "cell_type": "code",
   "execution_count": 17,
   "metadata": {
    "collapsed": false
   },
   "outputs": [
    {
     "data": {
      "text/plain": [
       "array([ 0.198,  0.166,  0.392, ...,  0.19 ,  0.364,  0.122])"
      ]
     },
     "execution_count": 17,
     "metadata": {},
     "output_type": "execute_result"
    }
   ],
   "source": [
    "predictions"
   ]
  },
  {
   "cell_type": "code",
   "execution_count": 24,
   "metadata": {
    "collapsed": false
   },
   "outputs": [
    {
     "data": {
      "text/html": [
       "<div>\n",
       "<table border=\"1\" class=\"dataframe\">\n",
       "  <thead>\n",
       "    <tr style=\"text-align: right;\">\n",
       "      <th>VAR_0001</th>\n",
       "      <th>0.0</th>\n",
       "      <th>0.5</th>\n",
       "      <th>1.0</th>\n",
       "    </tr>\n",
       "    <tr>\n",
       "      <th>VAR_0254</th>\n",
       "      <th></th>\n",
       "      <th></th>\n",
       "      <th></th>\n",
       "    </tr>\n",
       "  </thead>\n",
       "  <tbody>\n",
       "    <tr>\n",
       "      <th>0.000000</th>\n",
       "      <td>0.238239</td>\n",
       "      <td>0.005179</td>\n",
       "      <td>0.756582</td>\n",
       "    </tr>\n",
       "    <tr>\n",
       "      <th>0.142857</th>\n",
       "      <td>0.000000</td>\n",
       "      <td>0.000000</td>\n",
       "      <td>1.000000</td>\n",
       "    </tr>\n",
       "    <tr>\n",
       "      <th>0.151786</th>\n",
       "      <td>0.166667</td>\n",
       "      <td>0.000000</td>\n",
       "      <td>0.833333</td>\n",
       "    </tr>\n",
       "    <tr>\n",
       "      <th>0.160714</th>\n",
       "      <td>0.160494</td>\n",
       "      <td>0.000000</td>\n",
       "      <td>0.839506</td>\n",
       "    </tr>\n",
       "    <tr>\n",
       "      <th>0.169643</th>\n",
       "      <td>0.104368</td>\n",
       "      <td>0.005057</td>\n",
       "      <td>0.890575</td>\n",
       "    </tr>\n",
       "    <tr>\n",
       "      <th>0.178571</th>\n",
       "      <td>0.128645</td>\n",
       "      <td>0.004717</td>\n",
       "      <td>0.866638</td>\n",
       "    </tr>\n",
       "    <tr>\n",
       "      <th>0.187500</th>\n",
       "      <td>0.149846</td>\n",
       "      <td>0.004119</td>\n",
       "      <td>0.846035</td>\n",
       "    </tr>\n",
       "    <tr>\n",
       "      <th>0.196429</th>\n",
       "      <td>0.138182</td>\n",
       "      <td>0.003636</td>\n",
       "      <td>0.858182</td>\n",
       "    </tr>\n",
       "    <tr>\n",
       "      <th>0.205357</th>\n",
       "      <td>0.131468</td>\n",
       "      <td>0.005808</td>\n",
       "      <td>0.862724</td>\n",
       "    </tr>\n",
       "    <tr>\n",
       "      <th>0.214286</th>\n",
       "      <td>0.142114</td>\n",
       "      <td>0.002889</td>\n",
       "      <td>0.854997</td>\n",
       "    </tr>\n",
       "    <tr>\n",
       "      <th>0.223214</th>\n",
       "      <td>0.136255</td>\n",
       "      <td>0.003601</td>\n",
       "      <td>0.860144</td>\n",
       "    </tr>\n",
       "    <tr>\n",
       "      <th>0.232143</th>\n",
       "      <td>0.169690</td>\n",
       "      <td>0.003511</td>\n",
       "      <td>0.826799</td>\n",
       "    </tr>\n",
       "    <tr>\n",
       "      <th>0.241071</th>\n",
       "      <td>0.188889</td>\n",
       "      <td>0.004094</td>\n",
       "      <td>0.807018</td>\n",
       "    </tr>\n",
       "    <tr>\n",
       "      <th>0.250000</th>\n",
       "      <td>0.192869</td>\n",
       "      <td>0.004322</td>\n",
       "      <td>0.802809</td>\n",
       "    </tr>\n",
       "    <tr>\n",
       "      <th>0.258929</th>\n",
       "      <td>0.243135</td>\n",
       "      <td>0.001997</td>\n",
       "      <td>0.754868</td>\n",
       "    </tr>\n",
       "    <tr>\n",
       "      <th>0.267857</th>\n",
       "      <td>0.263718</td>\n",
       "      <td>0.001276</td>\n",
       "      <td>0.735006</td>\n",
       "    </tr>\n",
       "    <tr>\n",
       "      <th>0.276786</th>\n",
       "      <td>0.281513</td>\n",
       "      <td>0.004966</td>\n",
       "      <td>0.713522</td>\n",
       "    </tr>\n",
       "    <tr>\n",
       "      <th>0.285714</th>\n",
       "      <td>0.312029</td>\n",
       "      <td>0.004309</td>\n",
       "      <td>0.683662</td>\n",
       "    </tr>\n",
       "    <tr>\n",
       "      <th>0.294643</th>\n",
       "      <td>0.335031</td>\n",
       "      <td>0.002183</td>\n",
       "      <td>0.662786</td>\n",
       "    </tr>\n",
       "    <tr>\n",
       "      <th>0.303571</th>\n",
       "      <td>0.342549</td>\n",
       "      <td>0.003232</td>\n",
       "      <td>0.654219</td>\n",
       "    </tr>\n",
       "    <tr>\n",
       "      <th>0.312500</th>\n",
       "      <td>0.360461</td>\n",
       "      <td>0.003344</td>\n",
       "      <td>0.636195</td>\n",
       "    </tr>\n",
       "    <tr>\n",
       "      <th>0.321429</th>\n",
       "      <td>0.366555</td>\n",
       "      <td>0.003359</td>\n",
       "      <td>0.630086</td>\n",
       "    </tr>\n",
       "    <tr>\n",
       "      <th>0.330357</th>\n",
       "      <td>0.390631</td>\n",
       "      <td>0.003604</td>\n",
       "      <td>0.605766</td>\n",
       "    </tr>\n",
       "    <tr>\n",
       "      <th>0.339286</th>\n",
       "      <td>0.419948</td>\n",
       "      <td>0.003000</td>\n",
       "      <td>0.577053</td>\n",
       "    </tr>\n",
       "    <tr>\n",
       "      <th>0.348214</th>\n",
       "      <td>0.421464</td>\n",
       "      <td>0.005330</td>\n",
       "      <td>0.573205</td>\n",
       "    </tr>\n",
       "    <tr>\n",
       "      <th>0.357143</th>\n",
       "      <td>0.407614</td>\n",
       "      <td>0.002096</td>\n",
       "      <td>0.590290</td>\n",
       "    </tr>\n",
       "    <tr>\n",
       "      <th>0.366071</th>\n",
       "      <td>0.430978</td>\n",
       "      <td>0.003303</td>\n",
       "      <td>0.565720</td>\n",
       "    </tr>\n",
       "    <tr>\n",
       "      <th>0.375000</th>\n",
       "      <td>0.455969</td>\n",
       "      <td>0.000978</td>\n",
       "      <td>0.543053</td>\n",
       "    </tr>\n",
       "    <tr>\n",
       "      <th>0.383929</th>\n",
       "      <td>0.467545</td>\n",
       "      <td>0.003954</td>\n",
       "      <td>0.528501</td>\n",
       "    </tr>\n",
       "    <tr>\n",
       "      <th>0.392857</th>\n",
       "      <td>0.477696</td>\n",
       "      <td>0.003864</td>\n",
       "      <td>0.518440</td>\n",
       "    </tr>\n",
       "    <tr>\n",
       "      <th>...</th>\n",
       "      <td>...</td>\n",
       "      <td>...</td>\n",
       "      <td>...</td>\n",
       "    </tr>\n",
       "    <tr>\n",
       "      <th>0.687500</th>\n",
       "      <td>0.646067</td>\n",
       "      <td>0.000000</td>\n",
       "      <td>0.353933</td>\n",
       "    </tr>\n",
       "    <tr>\n",
       "      <th>0.696429</th>\n",
       "      <td>0.682927</td>\n",
       "      <td>0.000000</td>\n",
       "      <td>0.317073</td>\n",
       "    </tr>\n",
       "    <tr>\n",
       "      <th>0.705357</th>\n",
       "      <td>0.664430</td>\n",
       "      <td>0.013423</td>\n",
       "      <td>0.322148</td>\n",
       "    </tr>\n",
       "    <tr>\n",
       "      <th>0.714286</th>\n",
       "      <td>0.704348</td>\n",
       "      <td>0.008696</td>\n",
       "      <td>0.286957</td>\n",
       "    </tr>\n",
       "    <tr>\n",
       "      <th>0.723214</th>\n",
       "      <td>0.656250</td>\n",
       "      <td>0.010417</td>\n",
       "      <td>0.333333</td>\n",
       "    </tr>\n",
       "    <tr>\n",
       "      <th>0.732143</th>\n",
       "      <td>0.750000</td>\n",
       "      <td>0.000000</td>\n",
       "      <td>0.250000</td>\n",
       "    </tr>\n",
       "    <tr>\n",
       "      <th>0.741071</th>\n",
       "      <td>0.740000</td>\n",
       "      <td>0.020000</td>\n",
       "      <td>0.240000</td>\n",
       "    </tr>\n",
       "    <tr>\n",
       "      <th>0.750000</th>\n",
       "      <td>0.628205</td>\n",
       "      <td>0.000000</td>\n",
       "      <td>0.371795</td>\n",
       "    </tr>\n",
       "    <tr>\n",
       "      <th>0.758929</th>\n",
       "      <td>0.702128</td>\n",
       "      <td>0.000000</td>\n",
       "      <td>0.297872</td>\n",
       "    </tr>\n",
       "    <tr>\n",
       "      <th>0.767857</th>\n",
       "      <td>0.693878</td>\n",
       "      <td>0.020408</td>\n",
       "      <td>0.285714</td>\n",
       "    </tr>\n",
       "    <tr>\n",
       "      <th>0.776786</th>\n",
       "      <td>0.777778</td>\n",
       "      <td>0.000000</td>\n",
       "      <td>0.222222</td>\n",
       "    </tr>\n",
       "    <tr>\n",
       "      <th>0.785714</th>\n",
       "      <td>0.878788</td>\n",
       "      <td>0.000000</td>\n",
       "      <td>0.121212</td>\n",
       "    </tr>\n",
       "    <tr>\n",
       "      <th>0.794643</th>\n",
       "      <td>0.944444</td>\n",
       "      <td>0.000000</td>\n",
       "      <td>0.055556</td>\n",
       "    </tr>\n",
       "    <tr>\n",
       "      <th>0.803571</th>\n",
       "      <td>0.733333</td>\n",
       "      <td>0.000000</td>\n",
       "      <td>0.266667</td>\n",
       "    </tr>\n",
       "    <tr>\n",
       "      <th>0.812500</th>\n",
       "      <td>0.750000</td>\n",
       "      <td>0.000000</td>\n",
       "      <td>0.250000</td>\n",
       "    </tr>\n",
       "    <tr>\n",
       "      <th>0.821429</th>\n",
       "      <td>0.833333</td>\n",
       "      <td>0.000000</td>\n",
       "      <td>0.166667</td>\n",
       "    </tr>\n",
       "    <tr>\n",
       "      <th>0.830357</th>\n",
       "      <td>0.416667</td>\n",
       "      <td>0.000000</td>\n",
       "      <td>0.583333</td>\n",
       "    </tr>\n",
       "    <tr>\n",
       "      <th>0.839286</th>\n",
       "      <td>0.428571</td>\n",
       "      <td>0.071429</td>\n",
       "      <td>0.500000</td>\n",
       "    </tr>\n",
       "    <tr>\n",
       "      <th>0.848214</th>\n",
       "      <td>1.000000</td>\n",
       "      <td>0.000000</td>\n",
       "      <td>0.000000</td>\n",
       "    </tr>\n",
       "    <tr>\n",
       "      <th>0.857143</th>\n",
       "      <td>0.500000</td>\n",
       "      <td>0.000000</td>\n",
       "      <td>0.500000</td>\n",
       "    </tr>\n",
       "    <tr>\n",
       "      <th>0.866071</th>\n",
       "      <td>0.500000</td>\n",
       "      <td>0.000000</td>\n",
       "      <td>0.500000</td>\n",
       "    </tr>\n",
       "    <tr>\n",
       "      <th>0.875000</th>\n",
       "      <td>0.000000</td>\n",
       "      <td>0.000000</td>\n",
       "      <td>1.000000</td>\n",
       "    </tr>\n",
       "    <tr>\n",
       "      <th>0.892857</th>\n",
       "      <td>0.000000</td>\n",
       "      <td>0.000000</td>\n",
       "      <td>1.000000</td>\n",
       "    </tr>\n",
       "    <tr>\n",
       "      <th>0.901786</th>\n",
       "      <td>1.000000</td>\n",
       "      <td>0.000000</td>\n",
       "      <td>0.000000</td>\n",
       "    </tr>\n",
       "    <tr>\n",
       "      <th>0.910714</th>\n",
       "      <td>1.000000</td>\n",
       "      <td>0.000000</td>\n",
       "      <td>0.000000</td>\n",
       "    </tr>\n",
       "    <tr>\n",
       "      <th>0.919643</th>\n",
       "      <td>0.000000</td>\n",
       "      <td>0.000000</td>\n",
       "      <td>1.000000</td>\n",
       "    </tr>\n",
       "    <tr>\n",
       "      <th>0.937500</th>\n",
       "      <td>1.000000</td>\n",
       "      <td>0.000000</td>\n",
       "      <td>0.000000</td>\n",
       "    </tr>\n",
       "    <tr>\n",
       "      <th>0.955357</th>\n",
       "      <td>0.000000</td>\n",
       "      <td>0.000000</td>\n",
       "      <td>1.000000</td>\n",
       "    </tr>\n",
       "    <tr>\n",
       "      <th>0.964286</th>\n",
       "      <td>1.000000</td>\n",
       "      <td>0.000000</td>\n",
       "      <td>0.000000</td>\n",
       "    </tr>\n",
       "    <tr>\n",
       "      <th>1.000000</th>\n",
       "      <td>0.000000</td>\n",
       "      <td>0.000000</td>\n",
       "      <td>1.000000</td>\n",
       "    </tr>\n",
       "  </tbody>\n",
       "</table>\n",
       "<p>92 rows × 3 columns</p>\n",
       "</div>"
      ],
      "text/plain": [
       "VAR_0001       0.0       0.5       1.0\n",
       "VAR_0254                              \n",
       "0.000000  0.238239  0.005179  0.756582\n",
       "0.142857  0.000000  0.000000  1.000000\n",
       "0.151786  0.166667  0.000000  0.833333\n",
       "0.160714  0.160494  0.000000  0.839506\n",
       "0.169643  0.104368  0.005057  0.890575\n",
       "0.178571  0.128645  0.004717  0.866638\n",
       "0.187500  0.149846  0.004119  0.846035\n",
       "0.196429  0.138182  0.003636  0.858182\n",
       "0.205357  0.131468  0.005808  0.862724\n",
       "0.214286  0.142114  0.002889  0.854997\n",
       "0.223214  0.136255  0.003601  0.860144\n",
       "0.232143  0.169690  0.003511  0.826799\n",
       "0.241071  0.188889  0.004094  0.807018\n",
       "0.250000  0.192869  0.004322  0.802809\n",
       "0.258929  0.243135  0.001997  0.754868\n",
       "0.267857  0.263718  0.001276  0.735006\n",
       "0.276786  0.281513  0.004966  0.713522\n",
       "0.285714  0.312029  0.004309  0.683662\n",
       "0.294643  0.335031  0.002183  0.662786\n",
       "0.303571  0.342549  0.003232  0.654219\n",
       "0.312500  0.360461  0.003344  0.636195\n",
       "0.321429  0.366555  0.003359  0.630086\n",
       "0.330357  0.390631  0.003604  0.605766\n",
       "0.339286  0.419948  0.003000  0.577053\n",
       "0.348214  0.421464  0.005330  0.573205\n",
       "0.357143  0.407614  0.002096  0.590290\n",
       "0.366071  0.430978  0.003303  0.565720\n",
       "0.375000  0.455969  0.000978  0.543053\n",
       "0.383929  0.467545  0.003954  0.528501\n",
       "0.392857  0.477696  0.003864  0.518440\n",
       "...            ...       ...       ...\n",
       "0.687500  0.646067  0.000000  0.353933\n",
       "0.696429  0.682927  0.000000  0.317073\n",
       "0.705357  0.664430  0.013423  0.322148\n",
       "0.714286  0.704348  0.008696  0.286957\n",
       "0.723214  0.656250  0.010417  0.333333\n",
       "0.732143  0.750000  0.000000  0.250000\n",
       "0.741071  0.740000  0.020000  0.240000\n",
       "0.750000  0.628205  0.000000  0.371795\n",
       "0.758929  0.702128  0.000000  0.297872\n",
       "0.767857  0.693878  0.020408  0.285714\n",
       "0.776786  0.777778  0.000000  0.222222\n",
       "0.785714  0.878788  0.000000  0.121212\n",
       "0.794643  0.944444  0.000000  0.055556\n",
       "0.803571  0.733333  0.000000  0.266667\n",
       "0.812500  0.750000  0.000000  0.250000\n",
       "0.821429  0.833333  0.000000  0.166667\n",
       "0.830357  0.416667  0.000000  0.583333\n",
       "0.839286  0.428571  0.071429  0.500000\n",
       "0.848214  1.000000  0.000000  0.000000\n",
       "0.857143  0.500000  0.000000  0.500000\n",
       "0.866071  0.500000  0.000000  0.500000\n",
       "0.875000  0.000000  0.000000  1.000000\n",
       "0.892857  0.000000  0.000000  1.000000\n",
       "0.901786  1.000000  0.000000  0.000000\n",
       "0.910714  1.000000  0.000000  0.000000\n",
       "0.919643  0.000000  0.000000  1.000000\n",
       "0.937500  1.000000  0.000000  0.000000\n",
       "0.955357  0.000000  0.000000  1.000000\n",
       "0.964286  1.000000  0.000000  0.000000\n",
       "1.000000  0.000000  0.000000  1.000000\n",
       "\n",
       "[92 rows x 3 columns]"
      ]
     },
     "execution_count": 24,
     "metadata": {},
     "output_type": "execute_result"
    }
   ],
   "source": [
    "pd.crosstab(X_train['VAR_0254'], X_train['VAR_0001']).apply(lambda r: r/r.sum(), axis=1)"
   ]
  },
  {
   "cell_type": "code",
   "execution_count": null,
   "metadata": {
    "collapsed": true
   },
   "outputs": [],
   "source": []
  }
 ],
 "metadata": {
  "kernelspec": {
   "display_name": "Python 2",
   "language": "python",
   "name": "python2"
  },
  "language_info": {
   "codemirror_mode": {
    "name": "ipython",
    "version": 2
   },
   "file_extension": ".py",
   "mimetype": "text/x-python",
   "name": "python",
   "nbconvert_exporter": "python",
   "pygments_lexer": "ipython2",
   "version": "2.7.10"
  }
 },
 "nbformat": 4,
 "nbformat_minor": 0
}
